Event: 0
3
98.0982    -76.3636   -23.5482   -55.8183   -1.0000   
236.7225   59.4094    22.3900    -227.8890  -1.0000   
127.0688   44.3454    -11.5815   118.4023   0.0000    
1
100.0177   35.3162    -9.5736    93.0841    1
0
1
67.8479    -53.3788   -16.5650   -38.4662  
-1.0873    16.2024   
Event: 1
5
253.0077   -199.4887  -128.9165  -82.0115   3.6769    
311.0104   210.4656   38.0256    -222.9959  3.6869    
167.3233   66.1988    60.8985    -140.4138  3.7681    
85.3469    -81.5864   21.7583    -4.0778    -1.0000   
24.9997    7.5139     20.5963    11.3396    0.0000    
0
0
1
76.9111    31.9787    27.8595    -64.1601  
32.3765    8.8667    
Event: 2
2
94.9079    -22.1322   -81.7608   -41.7791   -1.0000   
103.5991   13.8254    47.9990    -90.4772   0.0000    
1
80.2862    10.2878    37.6657    -70.1521   1
0
1
51.0684    -12.3283   -43.5434   -23.6636  
15.5933    32.7546   
Event: 3
4
377.6442   -10.9880   -76.4880   369.4242   -1.0000   
41.9738    6.5689     37.9924    -9.4480    0.0000    
37.0586    -0.6362    21.9291    -29.2160   0.0000    
24.2083    4.9877     19.5684    11.7484    0.0000    
1
197.7988   -3.2338    -40.6863   193.5421   -1
0
1
63.5096    -1.1974    -13.1264   62.1267   
9.8830     28.3432   
Event: 4
3
251.2389   31.3318    230.8084   91.0932    -1.0000   
446.0081   -7.9908    -224.3121  384.4164   -1.0000   
34.7065    -7.1095    -31.1723   -11.9028   0.0000    
0
0
0
-13.1680   7.5473    
Event: 5
5
636.7371   93.3286    59.9079    -626.8223  3.5049    
97.0245    -32.2016   -46.2355   77.9857    -1.0000   
35.6187    -27.8876   -9.2394    18.5348    -1.0000   
69.6675    1.5194     25.7454    -64.1542   0.0000    
1562.2892  23.4718    -1.1232    -1562.0968 -1.0000   
0
0
1
44.4388    -12.9921   -22.6143   35.9807   
-5.5466    -26.6185  
Event: 6
3
1029.8744  109.4038   27.3826    1023.6685  -1.0000   
173.1897   -51.5605   -20.9612   163.6530   -1.0000   
172.0201   -27.4966   -24.0033   168.0249   -1.0000   
0
0
2
99.7685    -16.2152   -14.0894   97.4285   
32.1500    -10.0041   -3.7853    30.3185   
-8.5543    -10.5997  
Event: 7
5
1093.6577  626.8816   -176.7368  -876.6435  -1.0000   
656.3193   -560.8331  327.7253   48.6011    -1.0000   
219.2901   1.9675     -147.7163  -156.6374  -1.0000   
43.2075    2.6844     -41.8268   2.7771     0.0000    
43.0171    -39.7213   -8.9201    9.1447     -1.0000   
0
0
3
382.0486   -323.0216  201.9715   28.7351   
518.2407   298.1207   -81.6956   -415.9608 
24.1174    2.6827     -12.5521   -20.4180  
4.6340     17.7994   
Event: 8
4
543.1871   -425.8453  -14.7191   335.7532   -1.0000   
386.6129   346.0751   82.7393    -144.0354  -1.0000   
243.9121   80.5609    -95.0186   -209.0389  -1.0000   
37.6895    -9.0909    26.1845    24.2542    0.0000    
0
0
0
3.1135     -16.2703  
Event: 9
2
136.0262   -66.4508   92.5974    -72.6842   -1.0000   
200.0042   60.8911    -78.9855   171.9845   -1.0000   
0
0
0
-12.5184   -2.3748   
Event: 10
2
53.2129    -8.5518    36.1238    36.5328    -1.0000   
28.5697    0.8463     -25.5601   10.4462    0.0000    
0
0
0
-9.4946    6.3437    
Event: 11
5
489.8580   352.2703   336.4661   -7.3403    -1.0000   
575.2473   -343.3419  -25.1533   -458.0660  -1.0000   
291.4222   -120.4616  -121.1937  235.0500   -1.0000   
184.3377   89.9845    -134.5091  -84.9588   -1.0000   
93.2735    45.4215    -76.3640   23.2755    -1.0000   
0
0
1
294.7813   -177.4543  -12.1970   -235.0686 
-14.0204   61.8592   
Event: 12
2
123.1098   103.7893   35.3691    52.2405    -1.0000   
120.2254   -55.7114   -25.5135   -102.3072  2.7467    
1
50.1268    -24.4123   -12.9839   -41.8107   1
0
1
44.8028    37.6981    13.3379    20.2049   
-24.3195   -19.3607  
Event: 13
5
735.7010   -146.5282  -72.4750   -716.8250  -1.0000   
138.1318   69.5628    44.3076    108.8197   -1.0000   
185.8632   72.4364    -32.2753   -167.2888  1.9548    
71.0121    -38.2296   56.9375    -15.2836   0.0000    
44.6944    35.1799    6.0801     -25.6064   0.0000    
1
40.8750    -22.6162   32.9072    -8.7398    1
0
2
308.1842   -62.8169   -32.0835   -300.0037 
22.6624    9.9713     6.1728     19.3922   
1.3437     2.5194    
Event: 14
3
1240.5603  -101.1394  505.6267   1127.3787  -1.0000   
666.7570   71.8632    -497.0837  -429.2906  -1.0000   
339.8111   11.1760    27.1229    -338.4718  -1.0000   
0
0
1
132.3034   23.8540    -99.9277   -83.3644  
-9.2998    -26.6511  
Event: 15
4
90.8137    35.5981    -29.2950   -77.1378   0.0000    
147.8716   -18.3905   41.9073    -140.3301  -1.0000   
38.7046    -19.7622   16.2998    -27.8872   0.0000    
70.9565    20.5431    5.3522     67.0863    0.0000    
1
41.0407    20.0043    -12.5675   -33.5590   1
0
2
65.9311    -8.3218    18.9352    -62.6028  
30.8577    7.5702     -11.1522   -27.7583  
-1.0443    -29.3373  
Event: 16
3
350.4474   38.7075    -52.8010   -344.0428  -1.0000   
337.4264   25.5380    42.3175    -333.6002  -1.0000   
38.8111    -38.1140   -1.8196    -4.6665    0.0000    
1
31.6476    -31.2794   -1.8446    -4.4447    -1
0
0
-24.7152   16.1267   
Event: 17
5
286.6824   -155.8954  -119.0169  207.5145   2.8083    
392.9390   123.7965   135.3853   345.8000   2.5042    
193.7745   -58.6322   -29.5316   181.7411   -1.0000   
39.9544    31.7299    -21.2233   3.5921     -1.0000   
51.9030    36.1309    10.8246    34.9422    -1.0000   
0
0
2
124.0375   -67.8280   -53.5513   88.9772   
14.6570    10.1923    3.3786     9.9764    
24.0874    18.2478   
Event: 18
3
359.1888   -7.4894    65.1175    -352.9475  -1.0000   
153.4288   -7.3904    -37.4951   -148.4128  0.0000    
260.9944   33.1943    -1.7830    -258.7381  -1.0000   
1
106.1903   -5.7253    -26.2422   -102.7373  1
0
1
60.2441    0.9281     11.6620    -59.0972  
0.3874     -19.2857  
Event: 19
3
708.2587   -32.6085   686.7381   152.6180   -1.0000   
597.7579   100.1895   -577.8051  -74.7578   2.6947    
133.1665   -32.8562   -100.8937  -77.2699   -1.0000   
0
0
4
205.7702   -5.9655    200.7331   44.8553   
108.1524   11.3072    -106.2450  -16.7651  
31.2212    -6.5628    -22.7331   -20.3691  
11.8311    -3.3207    -9.6389    -6.0033   
9.1093     19.5320   
Event: 20
5
907.9887   49.7672    103.1499   900.7055   -1.0000   
88.5034    -57.8924   -62.8755   -19.1583   -1.0000   
486.7487   14.4674    -44.0728   484.3692   -1.0000   
64.4632    34.2717    6.9099     -53.9622   -1.0000   
67.0649    21.2079    -3.2075    -63.2491   0.0000    
1
43.3184    23.7472    5.1465     -35.8616   1
0
0
-15.7033   -18.0831  
Event: 21
5
93.7081    -62.9411   -61.5533   26.0260    -1.0000   
458.8512   -49.2015   1.4163     -456.0204  0.0000    
63.4927    26.3404    39.1715    41.0096    -1.0000   
255.9891   34.5243    1.9745     -253.4819  -1.0000   
30.1527    11.7526    26.0712    5.5013     0.0000    
0
0
2
34.7360    14.2203    21.4327    23.3455   
12.1783    -8.4237    -8.4514    2.4343    
5.1682     -2.9713   
Event: 22
5
250.1964   -134.3706  -101.2763  183.4594   -1.0000   
293.2120   92.0496    30.2664    -276.1521  2.5369    
237.2093   21.4451    75.0148    223.1257   -1.0000   
103.7638   43.0367    -19.7978   -91.9126   0.0000    
34.8574    -32.0469   2.3898     11.1892    -1.0000   
1
61.0414    26.3854    -11.4082   -53.8489   -1
0
2
113.0474   12.5762    31.8844    107.7262  
82.1301    25.1154    6.2701     -77.9440  
-0.7552    -6.0538   
Event: 23
2
66.6649    53.3566    17.5333    -34.8135   -1.0000   
45.5378    -39.6907   -15.1004   15.6921    -1.0000   
0
0
0
1.4515     -11.1624  
Event: 24
5
723.3989   -361.7784  -269.2431  -554.7059  -1.0000   
362.2284   163.7532   185.8526   259.4526   1.8910    
243.7265   194.2883   26.7544    -142.4433  1.8862    
50.4188    37.7885    30.8946    -8.3996    2.5124    
41.8826    -37.8926   14.5579    5.6275     -1.0000   
0
0
2
32.7665    24.9466    20.2880    -6.3016   
13.4128    -12.4943   4.4139     2.0765    
21.4834    24.3096   
Event: 25
5
284.6407   -141.6061  -189.1540  152.1338   -1.0000   
815.7721   -18.4750   174.1551   795.7045   -1.0000   
806.7469   118.5285   104.1284   -790.5419  1.4302    
105.2586   -60.0884   -83.3986   -1.2922    -1.0000   
132.7779   51.8382    19.9221    119.8970   -1.0000   
1
29.1551    -5.7265    -23.9635   15.5874    1
0
2
81.0277    -3.5121    16.1183    79.3307   
41.4229    -0.6549    15.8371    38.2703   
20.8176    -8.8101   
Event: 26
5
797.2510   -102.4734  561.8307   -553.3098  -1.0000   
483.4789   100.9602   -369.4848  -289.5757  -1.0000   
124.0881   25.0212    -120.6956  4.8555     -1.0000   
99.2072    10.0952    -40.7282   -89.1521   -1.0000   
33.5586    -10.7045   -28.9984   -11.7223   2.5764    
1
27.6880    5.5036     -27.0588   2.0366     1
0
3
453.0415   -50.9632   322.1940   -314.3889 
281.9691   62.5522    -222.6972  -161.2444 
57.8489    11.2601    -56.7124   1.8478    
-8.4455    -6.2751   
Event: 27
4
214.7391   -130.2316  6.9973     168.8736   -1.0000   
65.0333    54.5396    -27.8695   18.8190    3.5732    
61.9070    53.2823    -14.4367   -26.4317   0.0000    
50.0993    8.6388     20.1149    44.6868    -1.0000   
0
0
3
89.8330    -56.9280   2.7831     69.4365   
18.3664    15.9215    -7.9789    4.4910    
11.7158    10.0768    -2.1888    -5.5612   
30.0186    8.1652    
Event: 28
3
76.0201    26.4812    44.5621    54.8180    -1.0000   
45.1722    7.4526     -40.3953   -16.2837   -1.0000   
31.6983    -26.8242   -9.1130    13.6192    -1.0000   
1
31.7346    -26.6530   -9.2123    14.5541    -1
0
1
19.8249    6.5673     12.1353    14.2348   
11.8149    2.2872    
Event: 29
4
411.5665   -27.4753   138.6257   386.0110   -1.0000   
244.6368   39.0330    -58.9228   233.8272   -1.0000   
250.2131   -4.6315    -64.8330   241.3362   0.0000    
30.2160    9.7151     25.6111    -10.1439   0.0000    
0
0
2
235.4185   -14.4046   80.5531    220.7388  
139.5708   23.3376    -32.9024   133.6143  
2.3528     -38.4251  
Event: 30
4
89.6352    -45.9022   23.5931    71.9982    0.0000    
128.2673   13.4683    -37.2593   121.7429   -1.0000   
38.6648    35.9199    7.0497     8.1235     -1.0000   
30.5120    -2.2692    20.4848    21.4831    -1.0000   
1
42.5572    -23.8203   13.0530    32.7616    1
0
1
105.6264   10.6356    -30.7030   100.5044  
-3.5970    30.6541   
Event: 31
2
163.1766   1.0087     35.2563    159.1510   0.0000    
1712.3167  12.4143    -29.6702   1712.0027  -1.0000   
1
106.5751   0.3061     23.9632    103.8456   -1
0
0
4.6713     -19.8354  
Event: 32
5
1152.6102  208.4959   105.2144   1128.5980  -1.0000   
246.4545   -127.8306  43.7481    -205.1781  -1.0000   
141.1111   -55.0113   -75.3425   -104.9500  -1.0000   
59.0342    -17.3658   -49.2453   -26.3024   -1.0000   
30.4690    8.2842     -28.2161   -4.0139    -1.0000   
0
0
1
13.7113    2.3716     -13.2869   -2.4150   
-36.3684   -32.6099  
Event: 33
5
1032.2288  -408.4116  234.3086   909.7876   -1.0000   
322.7091   198.2607   -149.0807  -202.6213  -1.0000   
655.6816   181.0038   -38.4136   -627.5980  1.9532    
432.4974   57.5593    62.0576    423.9349   -1.0000   
124.7711   -29.8705   -27.4178   117.2267   -1.0000   
0
0
3
242.6309   -84.2356   45.5858    222.9261  
227.7495   60.2256    -4.5035    -219.5960 
36.4231    -6.8793    -8.9078    34.6405   
-8.8596    -53.5387  
Event: 34
2
89.9551    3.8122     73.0782    50.6482    -1.0000   
63.6476    -19.0565   -59.3029   -9.6179    3.7680    
0
0
1
32.1184    0.5006     25.9550    18.9123   
-4.6969    -10.9245  
Event: 35
3
65.5909    -29.7470   -57.2688   -8.7802    -1.0000   
62.7670    -2.2944    39.5462    47.4637    -1.0000   
834.5712   31.7133    7.6726     -833.9024  -1.0000   
1
28.0473    -12.2898   -24.8428   -4.2939    -1
0
1
29.4199    -13.8124   -25.6372   -4.1809   
-0.2583    4.0971    
Event: 36
4
147.2941   -139.8262  -40.6595   8.9629     -1.0000   
138.6280   125.4892   31.6856    48.3045    -1.0000   
84.9030    29.6447    30.0583    -73.2461   -1.0000   
53.7211    -20.1089   -25.1932   42.0526    -1.0000   
0
0
0
12.4754    0.0021    
Event: 37
5
259.5871   -175.0354  -132.0753  133.6038   -1.0000   
470.6596   132.2021   23.3818    450.5125   -1.0000   
314.4814   74.4223    81.7808    293.4858   -1.0000   
77.7249    -35.3917   24.0702    63.8746    -1.0000   
255.7131   -20.1835   -18.2991   254.1311   0.0000    
0
0
2
277.5815   77.2874    12.2265    266.3244  
20.7360    -9.3948    6.7249     17.2191   
12.1045    -16.5956  
Event: 38
5
324.3979   -242.0305  -161.5450  141.8507   1.7874    
320.1918   76.1033    115.9237   287.6794   -1.0000   
200.8914   99.5262    -25.9297   171.2540   -1.0000   
114.0293   71.0391    44.2865    75.8420    -1.0000   
290.8158   59.5776    37.9812    281.8015   -1.0000   
0
0
5
217.9710   -161.2879  -110.8951  95.9159   
42.5198    21.8854    -5.3980    36.0530   
19.8957    12.5654    8.6294     12.7860   
20.1987    10.9413    -2.3645    16.8132   
15.0472    8.7382     6.5680     10.3404   
-13.5656   -26.4127  
Event: 39
3
334.1725   154.8255   183.9356   230.1443   -1.0000   
196.2892   -118.2570  -149.6346  -39.9692   -1.0000   
717.8786   27.5796    -13.9333   -717.1840  -1.0000   
0
0
1
93.4282    -55.9299   -72.5418   -18.3944  
-48.5272   -27.8218  
Event: 40
3
82.1746    -52.0628   61.2428    -14.4215   -1.0000   
63.2053    32.0292    -51.0056   17.1646    -1.0000   
24.1159    20.7837    -10.0494   4.2861     0.0000    
0
0
0
-6.1401    14.0047   
Event: 41
5
105.6774   -66.9927   24.2507    76.2929    -1.0000   
39.6685    36.3784    10.6305    6.6048     -1.0000   
170.0312   17.5395    14.8649    168.2939   -1.0000   
26.1733    16.2287    -15.9260   -11.2308   -1.0000   
101.6547   21.6132    -5.4185    98.9085    -1.0000   
0
0
1
14.8985    14.0582    3.7610     3.1916    
9.3937     -17.5416  
Event: 42
1
39.7468    19.4959    28.2437    -19.5510   0.0000    
1
35.1974    17.8462    25.0405    -17.1269   -1
0
0
10.6642    -8.4280   
Event: 43
2
37.7820    29.8051    -19.2338   10.9030    0.0000    
189.7995   -31.6263   14.5577    -186.4745  -1.0000   
1
27.1342    21.6305    -14.3613   7.8819     -1
0
1
88.9047    -15.0833   6.5775     -87.3686  
-3.8365    -4.2760   
Event: 44
2
332.7761   -11.0094   -80.6316   322.2772   -1.0000   
120.0783   12.7535    60.7241    102.2244   0.0000    
1
100.6240   -7.5948    -26.5523   96.7599    -1
0
1
36.3171    4.4364     18.5020    30.9342   
-4.3220    -0.5353   
Event: 45
5
310.5586   103.7014   219.8089   191.0555   2.6595    
237.1579   -128.0528  -174.9634  -93.5750   1.4733    
291.0166   109.5045   -171.6030  206.9921   -1.0000   
161.6241   -79.0910   108.3394   -86.9909   -1.0000   
65.2222    -32.4808   42.0482    35.0986    -1.0000   
1
49.2258    23.8139    -7.5979    42.4068    -1
0
1
119.1476   -63.2445   -89.1662   -47.3885  
-0.3125    -27.8066  
Event: 46
2
153.9454   -76.1000   26.7135    -129.4415  -1.0000   
162.5989   68.1703    -21.0111   145.8365   -1.0000   
1
59.0991    -32.2552   5.1642     -49.2506   1
0
0
-7.0906    -2.6681   
Event: 47
5
227.3998   -205.3667  91.2105    18.5708    -1.0000   
232.9025   133.5374   -30.7445   -186.6317  -1.0000   
302.9199   52.8469    -19.4545   297.2784   -1.0000   
42.3608    24.9724    -30.7730   10.0078    0.0000    
29.2564    11.0750    -18.3801   -18.5342   0.0000    
0
0
1
108.2946   -98.5561   43.7855    9.8616    
14.4908    -10.6927  
Event: 48
3
806.1346   123.5016   257.2180   -753.4000  -1.0000   
292.3213   -144.7617  -187.9488  166.3697   3.2261    
53.9122    45.5955    -23.6692   -13.6550   2.2800    
1
35.7496    30.6933    -15.7864   -9.3129    1
0
1
688.2935   103.0269   220.9876   -643.6598 
-3.4160    -24.0596  
Event: 49
4
65.9002    12.1535    -63.8098   -1.4681    -1.0000   
69.9501    -1.0113    50.0699    48.1569    -1.0000   
46.2324    4.5427     44.2037    -6.7803    -1.0000   
30.5842    10.9400    -19.9952   -19.8182   0.0000    
1
47.1619    -1.2252    35.2601    31.2963    1
0
1
31.2775    6.2854     -30.6232   0.9989    
-0.7352    -14.7489  
Event: 50
4
81.3372    0.6346     -77.9084   17.8354    -1.0000   
128.3764   -17.6208   68.1035    105.5522   -1.0000   
110.3109   21.5206    -23.8805   105.4065   0.0000    
66.7423    10.0517    25.7822    60.2393    -1.0000   
1
94.9866    18.8016    -20.7720   90.7605    1
0
0
3.0204     16.9269   
Event: 51
2
621.5306   -511.6371  -344.8155  59.1142    -1.0000   
641.6660   498.7512   330.0148   -230.7682  -1.0000   
0
0
2
358.0830   279.1680   183.5103   -128.8900 
310.9601   -257.0173  -172.5309  29.5186   
-0.4657    -14.4524  
Event: 52
2
100.8329   24.0146    49.1045    84.2289    -1.0000   
704.4587   -13.2158   -27.9364   -703.7571  -1.0000   
0
0
0
6.2563     -11.4141  
Event: 53
4
373.6330   64.9182    363.7581   19.1562    2.6858    
340.0344   -92.8814   -315.4775  73.0806    -1.0000   
365.6809   65.0659    -27.4897   -358.5240  -1.0000   
144.2672   -23.9769   16.8158    -141.0056  -1.0000   
1
28.6189    4.9532     26.3502    10.0081    -1
0
2
137.9495   22.9682    136.0219   0.7527    
111.3661   -33.8967   -102.9423  25.6182   
-7.0102    -49.2603  
Event: 54
3
481.0404   9.2718     -65.3541   -476.2984  -1.0000   
39.4754    22.6582    23.6963    20.2981    0.0000    
54.0880    -13.3135   26.4569    -44.6697   -1.0000   
0
0
0
-16.1942   -22.9667  
Event: 55
5
778.7499   -523.4512  -487.9201  291.9034   -1.0000   
875.5007   479.1718   484.6302   -547.1241  -1.0000   
38.9788    -10.5910   -28.0316   24.2479    -1.0000   
26.2462    23.1265    5.9587     -8.7585    0.0000    
36.4473    -7.8618    21.4631    -27.6255   0.0000    
1
25.7348    -6.6250    15.8282    -19.1793   1
0
2
230.2153   -160.0195  -142.9533  83.4098   
194.0192   106.8339   106.8407   -121.7170 
25.0263    11.7661   
Event: 56
3
68.8484    -34.4027   33.4558    48.2413    0.0000    
113.6829   36.4032    -18.5151   105.3933   2.0339    
147.9409   10.9803    -17.3094   146.3631   0.0000    
1
39.5826    -20.2625   20.7498    26.9379    -1
0
0
6.3385     11.3816   
Event: 57
4
180.0523   81.7549    -30.6035   -155.9352  -1.0000   
45.9329    -44.3103   4.9995     2.0880     0.0000    
30.8075    -17.4071   17.6100    16.5176    0.0000    
35.4728    19.3770    -10.4631   26.7934    -1.0000   
0
0
1
40.4290    20.0189    -6.4146    -34.5340  
8.2274     34.6367   
Event: 58
5
1141.6222  166.6548   -95.6879   -1124.9908 1.6065    
139.6804   -111.6672  64.1373    -41.4022   3.2182    
74.5374    -22.5890   6.1546     70.2572    0.0000    
113.2734   3.0859     23.2038    -110.4940  0.0000    
82.9925    -18.0243   14.5148    -79.3026   0.0000    
0
0
2
48.6771    -37.8252   21.5220    -21.8064  
20.4242    -17.7700   10.0684    0.0590    
-19.2324   43.9446   
Event: 59
5
397.6420   67.0807    57.3975    -387.3306  -1.0000   
69.1124    -56.9557   26.2454    26.4516    4.2824    
499.9688   41.6203    -15.9090   497.8616   -1.0000   
37.7960    -21.7775   -28.3924   0.7814     0.0000    
42.0243    0.2877     -33.2564   24.5106    -1.0000   
0
0
2
96.8988    18.9375    14.9979    -93.8393  
112.9824   16.9181    17.0311    -110.4026 
-33.1742   11.6310   
Event: 60
5
255.7570   251.5926   35.8411    4.9755     3.1703    
182.3015   -144.9290  -78.0770   75.3587    -1.0000   
484.5097   -6.5844    61.0194    480.5458   -1.0000   
58.0051    -43.0472   -21.5169   -30.2176   -1.0000   
1878.6965  -4.0986    25.3386    -1878.5039 -1.0000   
0
0
2
106.1873   105.1384   14.8590    0.9344    
106.1628   -84.6111   -45.8321   44.8432   
-68.2051   -39.2862  
Event: 61
4
224.0679   -106.6984  1.4946     195.4516   2.2215    
110.6836   80.1186    44.8071    57.9702    -1.0000   
122.4549   20.5792    -33.7241   -115.2288  0.0000    
28.0327    25.6786    -6.0139    -4.6324    0.0000    
2
44.6717    33.9809    20.3174    20.6895    -1
47.3857    -25.3951   -0.1022    40.0059    -1
0
1
44.0358    6.8964     -12.7383   -41.5851  
25.2741    14.7158   
Event: 62
5
340.6036   -19.0588   80.1613    -330.3735  -1.0000   
74.6626    49.3414    -52.5515   -16.0501   -1.0000   
161.6375   -63.8168   -24.5102   145.8485   -1.0000   
255.6974   35.3597    23.9229    -251.9567  -1.0000   
69.9215    -1.3939    -32.2455   -61.5487   -1.0000   
1
31.5731    21.5260    -22.3149   -5.9593    1
0
1
26.0134    -10.4573   -1.7705    23.7531   
0.4861     -6.8259   
Event: 63
2
38.5679    14.3174    29.8797    18.5965    -1.0000   
90.5525    -11.2283   -29.9894   -84.6042   0.0000    
1
52.2935    -6.4602    -17.4231   -48.8805   -1
0
0
-1.7915    0.2427    
Event: 64
3
151.8703   -95.1557   -43.6720   108.7374   -1.0000   
87.2319    56.4744    11.2107    64.7899    -1.0000   
140.6457   37.8328    25.0132    132.7304   0.0000    
1
95.0754    23.9899    16.3347    90.5372    1
0
1
27.9062    -17.9526   -6.9175    20.2141   
-3.4344    23.3000   
Event: 65
5
112.0380   41.7807    -57.6391   -84.8565   4.2738    
53.6283    -44.9415   23.0604    -10.2807   0.0000    
59.0418    -25.2319   39.3449    34.4906    0.0000    
234.5453   1.3477     21.9788    233.4104   0.0000    
22.7997    20.0165    -6.5555    -6.6156    0.0000    
1
38.3594    -16.9797   25.1462    23.4688    -1
0
1
24.4972    9.6358     -12.0895   -19.0029  
28.8897    -28.9861  
Event: 66
5
163.2550   49.7517    83.3032    -129.9423  -1.0000   
145.8335   -51.0245   -41.9681   -129.3773  -1.0000   
64.1417    16.8286    -26.9481   -54.9485   -1.0000   
28.7730    18.5669    -18.4814   -8.3027    -1.0000   
22.4992    21.1989    -0.7572    -2.7308    -1.0000   
1
129.0069   -45.9379   -35.8574   -115.0944  -1
0
1
37.0032    -13.2497   -10.2712   -32.9876  
-1.3640    25.3874   
Event: 67
5
138.3683   -62.5068   -118.6803  -17.9025   -1.0000   
162.0595   -9.0576    87.0801    135.0759   -1.0000   
192.7554   26.1123    56.6716    182.1570   -1.0000   
51.3258    16.8082    -37.2467   29.7674    0.0000    
55.6284    27.6562    9.9943     -46.6908   -1.0000   
1
31.2691    10.6312    -23.3397   17.8880    1
0
2
50.4448    -23.9110   -43.5110   -8.9296   
76.2108    10.9219    22.2783    72.0588   
15.0316    -0.8190   
Event: 68
5
549.0285   257.3270   -8.3764    -481.7213  -1.0000   
271.9380   -204.9688  -28.8200   171.7169   3.2120    
45.9509    -31.1997   19.8271    -25.6648   -1.0000   
26.9726    -26.3386   -1.9687    2.1775     0.0000    
30.7837    18.2435    15.8878    -17.2975   -1.0000   
2
31.8607    -28.8175   1.4782     13.5077    -1
24.5559    -24.3952   -0.9832    2.6252     1
0
0
-23.4999   1.5284    
Event: 69
5
97.8753    -4.5123    71.9089    -65.5236   2.7952    
62.9195    32.0722    -40.4883   34.7980    0.0000    
51.2099    -4.7731    -36.7760   34.2615    -1.0000   
2442.3005  18.0902    -27.6451   2442.0659  -1.0000   
35.0828    -21.9121   24.3329    8.8963     0.0000    
1
38.7405    20.4443    -24.8970   21.5170    1
0
0
5.8543     -14.6987  
Event: 70
3
164.1488   -16.3177   -48.3373   155.5250   -1.0000   
275.5566   18.5573    15.6841    274.3800   -1.0000   
34.1192    -14.1253   -17.1290   25.0378    0.0000    
1
25.1558    -4.5577    10.5575    -22.3734   -1
0
0
-8.4086    -10.7474  
Event: 71
3
71.7721    19.4705    65.5104    -18.3937   -1.0000   
552.5096   -39.9764   -10.5171   550.8898   -1.0000   
108.6860   -1.1789    -28.8147   -104.5023  -1.0000   
0
0
0
-3.5702    -17.1900  
Event: 72
3
131.5613   -62.6574   -56.1601   -99.3040   -1.0000   
95.5954    45.7685    36.9749    74.8396    -1.0000   
211.9957   7.9405     -19.6348   -210.8396  0.0000    
1
51.0986    24.5670    19.9488    40.1194    -1
0
2
28.5278    -15.3521   -12.0229   -20.8230  
19.8441    -7.5993    -8.3281    -16.3304  
30.9537    32.4984   
Event: 73
4
580.0977   11.9113    120.4843   567.0490   -1.0000   
108.5899   -10.0258   -74.0093   78.0602    -1.0000   
210.4312   11.5917    -66.7061   198.8528   -1.0000   
348.4688   -16.2948   16.7343    347.6501   -1.0000   
1
44.9603    -3.3599    -31.5207   31.8837    1
0
0
22.6457    -11.8717  
Event: 74
3
103.3347   89.6697    -26.3915   -37.3342   -1.0000   
163.0888   -74.8863   17.6810    -142.4560  -1.0000   
44.3346    -12.0914   20.5515    36.4617    -1.0000   
0
0
2
25.5360    22.9131    -6.5914    -9.1450   
43.6564    -20.7762   4.4720     -38.1344  
-1.7833    -17.2967  
Event: 75
2
51.0865    30.8086    38.3061    8.5901     0.0000    
38.2218    13.7207    -22.7376   -26.1416   -1.0000   
1
49.3528    29.9440    38.3905    8.0757     -1
0
0
-43.0182   -8.3164   
Event: 76
3
224.7804   -117.9288  10.7893    -190.2436  -1.0000   
97.6734    72.2392    -7.0136    -64.4921   2.9156    
82.3663    34.0974    19.7753    72.1586    3.6166    
0
0
1
40.9381    29.9056    -3.3585    -27.7544  
7.8393     -10.5058  
Event: 77
5
637.6497   595.5190   -57.7891   -214.4081  -1.0000   
566.6334   -552.2181  53.7967    0.4220     -1.0000   
56.4504    -43.2331   21.2972    27.6265    -1.0000   
30.9812    23.4562    16.0506    7.9856     0.0000    
35.3753    -13.0442   23.4067    -20.7761   0.0000    
0
0
1
278.9691   262.0717   -29.6102   -90.9144  
-34.2672   -22.5460  
Event: 78
3
448.1149   57.4994    -17.7610   -443.8798  -1.0000   
60.4588    -31.3293   36.6446    34.3510    -1.0000   
105.0254   -36.6261   -23.7731   -95.1976   -1.0000   
1
62.5429    -22.2010   -14.4531   -56.6554   1
0
0
2.0965     5.1602    
Event: 79
3
652.1331   198.6027   -25.3413   -620.3356  -1.0000   
245.6507   -112.7652  52.5147    211.3003   1.8525    
38.5754    -35.1524   -13.4225   -3.3590    0.0000    
1
25.5782    -24.2714   -7.6461    -2.5833    1
1
99.6681    -44.8923   22.2508    86.1587    -1
1
111.9166   -51.7195   21.6050    96.8692   
-41.1541   -19.7420  
Event: 80
4
122.3841   49.1095    100.2309   46.1557    4.1291    
195.8882   -58.2535   -45.3089   181.0497   -1.0000   
129.7262   -28.5851   -66.5043   107.0309   -1.0000   
59.4751    30.6430    14.0321    -48.5873   0.0000    
1
43.7921    23.3442    11.0605    -35.3617   -1
0
2
42.1423    17.2704    34.9664    15.9706   
100.4476   -30.1222   -23.3884   92.9267   
0.1367     7.6683    
Event: 81
2
105.9349   -51.9881   -18.6387   89.3922    0.0000    
174.1008   34.9683    13.1565    169.8562   -1.0000   
1
51.1575    -26.2936   -8.6438    43.0234    -1
0
0
13.3045    -0.5706   
Event: 82
2
893.6804   -34.0032   -238.5423  859.7216   -1.0000   
105.6713   13.4114    102.8205   -19.4484   -1.0000   
0
0
1
61.5224    7.6447     60.1188    -10.5972  
42.6898    106.9087  
Event: 83
3
221.4842   73.7136    -25.3253   -206.9922  -1.0000   
155.5365   -41.7508   -4.2924    -149.6483  -1.0000   
32.6298    -29.3299   10.4907    -9.1333    -1.0000   
1
97.5112    -25.9874   -2.7516    -93.9442   -1
0
2
12.7391    -11.8085   3.6164     -3.1253   
40.4243    -11.4059   -0.8771    -38.7719  
-15.1980   10.1704   
Event: 84
3
464.6148   22.6416    -66.6304   -459.0058  -1.0000   
627.8517   -1.1988    49.1643    -625.8633  -1.0000   
52.6802    -26.8421   22.3228    -38.9265   -1.0000   
1
38.3300    -18.6806   16.4099    -29.1707   1
0
0
13.0280    32.3181   
Event: 85
5
264.2118   94.7811    -15.4949   245.1253   -1.0000   
50.5694    -45.9737   10.7800    13.8339    3.4979    
249.7983   -4.3213    -30.7998   247.7103   0.0000    
180.2464   -3.5574    22.9669    -178.6282  0.0000    
177.8370   12.3294    19.0399    176.2712   0.0000    
0
0
1
75.8227    28.4946    -5.0252    70.0848   
-15.0800   5.1012    
Event: 86
3
491.4947   61.5120    10.7950    -487.4063  -1.0000   
90.2180    -45.1733   -22.0262   -73.8928   0.0000    
64.4294    -23.4999   -0.2257    -59.7699   2.8763    
1
28.7965    -13.8847   -7.4634    -24.0985   1
0
0
6.0100     -2.9294   
Event: 87
5
274.0526   -267.4691  36.1863    34.6205    -1.0000   
350.2880   127.0496   5.6604     325.5474   -1.0000   
118.1943   102.1045   -10.4067   -56.2389   -1.0000   
58.6404    -0.0977    -48.9226   31.4141    2.8821    
96.7830    23.7507    33.4802    87.0686    -1.0000   
1
32.7215    0.3749     -27.3168   18.0093    1
0
3
143.4177   50.8849    -0.8998    134.0841  
30.9888    6.5423     12.0953    27.7706   
32.2369    10.5915    -1.1167    30.4268   
3.4884     -12.2652  
Event: 88
1
24.4135    -15.0256   -17.9087   5.5626     0.0000    
1
25.4531    -15.6360   -19.1074   6.1864     -1
0
0
31.7372    17.9552   
Event: 89
4
950.3433   -887.5577  -192.7501  -276.6050  -1.0000   
1218.9990  793.1901   146.4737   -911.8804  -1.0000   
86.9087    -3.1650    22.6218    83.6405    0.0000    
988.6979   22.1766    1.6884     988.4344   -1.0000   
0
0
2
529.3356   -495.0919  -109.6939  -151.8140 
503.7213   328.9655   58.4007    -376.9698 
63.9039    -9.1730   
Event: 90
2
96.0096    36.6281    40.2568    78.0149    -1.0000   
35.5059    -31.1647   -13.3574   6.8726     0.0000    
1
25.1673    -23.1609   -9.0823    3.8034     -1
0
1
42.9874    15.2504    18.2584    35.8047   
-14.6340   -38.0867  
Event: 91
4
253.5194   -12.5155   116.6408   -224.3187  -1.0000   
91.7150    6.7408     -83.8841   -34.5297   3.4185    
100.1316   -6.0560    25.4067    96.4713    -1.0000   
79.2770    21.9017    -3.7679    -75.9262   0.0000    
0
0
1
79.0308    -4.9218    37.3846    -69.4553  
-0.1861    -57.8165  
Event: 92
4
119.0571   -59.8826   -89.2167   -47.4601   -1.0000   
57.7217    48.4144    28.8045    -10.1240   -1.0000   
175.2842   -8.1690    46.4795    -168.6642  -1.0000   
38.9591    18.5966    -7.3753    -32.8611   0.0000    
1
29.7937    25.4265    14.5352    -5.4656    1
0
1
52.8910    -27.0256   -40.0979   -21.4299  
8.8880     -0.3417   
Event: 93
5
241.9184   132.1707   189.1577   56.0934    -1.0000   
259.5735   -71.8618   -170.3223  179.7527   -1.0000   
81.3558    -61.1683   49.5905    -14.8065   -1.0000   
41.5306    -6.5213    -34.3301   -20.5430   0.0000    
27.2849    25.1250    -6.7718    -3.3851    -1.0000   
1
29.0393    -6.6205    -24.8010   -13.5775   -1
0
3
91.8563    48.7437    77.2593    9.6240    
26.0412    -20.2780   15.8269    -4.0563   
12.0670    -9.5797    7.2595     -1.0683   
-15.5974   -21.4413  
Event: 94
4
223.3283   44.2964    53.3117    211.4399   -1.0000   
79.6981    -41.0010   -18.6520   64.9381    2.3199    
70.9999    -1.8508    -40.6582   56.8090    0.0000    
21.6012    19.8989    -4.5046    0.5373     -1.0000   
1
47.4899    -25.9492   -11.3024   38.1336    -1
0
0
3.6843     -17.3385  
Event: 95
2
57.0383    29.0635    11.5981    -47.6098   -1.0000   
68.4320    -25.2320   -8.6516    -62.7948   -1.0000   
1
46.9980    24.2427    9.5848     -39.1053   -1
0
1
38.5760    -13.1056   -5.6306    -35.8419  
-0.4278    -2.5192   
Event: 96
5
331.2708   132.9419   55.1300    297.5881   -1.0000   
237.1920   -82.6781   -13.4422   -221.1196  -1.0000   
1170.7620  -21.0179   -43.9142   -1169.7126 -1.0000   
82.5139    -23.3035   -26.0763   -74.2247   0.0000    
50.4970    -30.4432   -9.9888    -37.8356   0.0000    
0
0
2
82.3666    -29.9180   -4.5334    -76.6069  
47.9775    -14.8233   -2.9569    -45.5342  
-10.2067   -6.6559   
Event: 97
4
902.8510   302.2347   655.6593   -539.6453  -1.0000   
655.7186   -157.6127  -565.9495  261.5448   -1.0000   
141.1140   -108.8750  -65.5400   -56.5217   -1.0000   
24.8400    -3.4499    -21.0144   -10.9453   0.0000    
0
0
3
361.7751   120.1481   266.4010   -213.2514 
147.6611   -30.6308   -115.0231  87.3799   
14.5897    -12.4632   -5.6713    -5.0363   
-22.4808   -19.6754  
Event: 98
5
253.0830   65.2468    106.1613   -218.8232  -1.0000   
76.2420    -62.8108   -32.6718   20.4492    -1.0000   
58.6935    -54.0327   16.5152    -0.5942    -1.0000   
46.5986    9.9568     -39.8448   -18.5974   -1.0000   
52.2298    -12.1320   -30.5479   -39.5951   0.0000    
0
0
3
58.0719    15.4959    23.2720    -50.8983  
22.3947    6.1625     9.5630     -19.2897  
10.3250    -7.5737    -6.6028    2.3766    
30.9862    -24.6601  
Event: 99
3
616.6816   -37.2125   67.4283    611.7881   -1.0000   
170.1341   16.4302    -33.0126   165.9290   0.0000    
281.1135   17.2331    -13.1779   280.2203   -1.0000   
1
77.0019    7.0206     -13.4917   75.4849    -1
0
1
43.1711    3.7407     -10.0125   41.8271   
-5.0076    -0.5195   
Event: 100
3
82.5822    70.1612    39.3035    -13.1923   -1.0000   
113.3564   -58.8352   -8.8511    -95.7572   -1.0000   
27.9667    11.1236    -17.0113   -18.7260   -1.0000   
0
0
0
-12.9132   1.0884    
Event: 101
5
320.6040   -166.2002  -223.5807  157.3810   -1.0000   
236.4565   56.3119    223.1743   -43.7496   -1.0000   
141.0071   51.8172    13.9963    -130.2715  4.0416    
99.4029    22.6312    -28.1185   -92.2783   3.7188    
414.7284   7.2790     -25.7147   -413.8299  -1.0000   
1
78.0501    29.7189    8.3649     -71.6842   -1
0
0
21.2065    25.0771   
Event: 102
5
1205.0424  144.8752   16.5522    1196.0209  -1.0000   
404.7813   -60.3489   -60.3426   -395.3634  -1.0000   
157.3092   -52.8087   66.4987    130.5826   0.0000    
134.0481   -44.0904   -5.7045    -125.9749  -1.0000   
271.1180   -33.5856   21.0618    -267.8531  0.0000    
0
0
1
32.4990    -9.9456    13.2595    27.9545   
9.2418     -0.3470   
Event: 103
3
895.3773   136.5637   141.8315   873.1892   -1.0000   
285.9836   -120.1184  -41.9978   -255.7068  2.0937    
54.5938    13.1592    -51.8921   3.6948     -1.0000   
0
0
0
-15.0777   -33.3060  
Event: 104
4
85.9890    61.6322    -40.9966   40.2905    -1.0000   
58.4193    -51.5268   14.8344    -19.4668   -1.0000   
526.5434   -17.3578   35.5666    -524.9647  -1.0000   
216.0660   23.6982    -5.4606    -214.5752  -1.0000   
0
0
1
13.4810    -12.0495   4.5391     -3.9930   
-0.2843    -21.9926  
Event: 105
5
76.6235    -14.7552   -55.4776   -49.3870   -1.0000   
85.6930    23.0258    38.7565    -71.7215   0.0000    
437.4061   -10.8002   36.3516    -435.6283  -1.0000   
2067.5334  19.4779    -20.0214   -2067.3328 -1.0000   
208.0455   -15.8350   -13.8121   206.8984   -1.0000   
1
23.7266    6.5995     11.2442    -19.8231   -1
0
1
21.5290    -2.8311    -16.4334   -13.6171  
-3.7461    0.7074    
Event: 106
4
167.6211   72.9119    -63.5073   135.9781   -1.0000   
178.0604   -79.3080   46.6249    -150.9617  -1.0000   
24.8078    19.3728    13.1922    4.3788     0.0000    
76.8455    20.7468    4.9989     73.5946    -1.0000   
0
0
2
45.8554    19.3635    -17.0862   37.8924   
27.9478    -12.5553   6.2951     -24.1622  
-13.4407   -5.6995   
Event: 107
5
648.7493   149.1183   53.3771    -627.6533  -1.0000   
104.4921   -101.7715  17.3674    -7.6114    -1.0000   
183.9235   -15.3345   -68.3976   -169.7518  -1.0000   
61.3769    -54.0237   -26.5543   -9.1600    -1.0000   
119.3367   30.8533    36.9219    -108.8222  -1.0000   
1
36.2207    -32.3355   -15.5251   -5.0316    1
0
2
49.1536    -48.5623   6.4385     -4.0412   
72.0745    -6.3117    -27.2932   -66.4077  
-24.6291   -11.9285  
Event: 108
3
270.8244   -157.7623  -204.1248  65.2275    3.4110    
307.2272   140.0044   156.8541   222.4046   -1.0000   
125.7483   63.5122    97.7933    32.7372    -1.0000   
0
0
1
132.8846   60.3873    67.2041    97.4438   
-24.6560   -44.8295  
Event: 109
3
143.8241   -73.1119   -79.6850   93.4153    -1.0000   
187.8823   53.1876    69.5931    -165.1092  -1.0000   
188.7012   19.7772    26.5771    -185.5862  -1.0000   
0
0
0
11.4897    -2.3574   
Event: 110
3
297.3065   -29.2810   -190.9419  -225.1741  -1.0000   
158.3839   15.2557    140.9162   -69.1393   -1.0000   
136.1687   4.5526     -43.9548   -128.3619  -1.0000   
1
96.2943    9.4153     85.7849    -42.7188   -1
0
1
36.3789    3.7406     32.4936    -15.9248  
5.5567     79.2241   
Event: 111
3
114.6535   61.8333    -61.2427   73.9502    -1.0000   
102.9706   -70.7538   27.7872    66.7995    0.0000    
25.2210    18.9350    12.8640    -8.0625    0.0000    
1
40.4205    -24.6174   8.2728     30.9734    1
0
1
13.2253    -10.6230   3.9807     6.7982    
5.1984     7.5505    
Event: 112
4
141.8333   130.5357   3.3607     49.4459    -1.0000   
62.5148    -53.3827   9.7680     -29.1624   -1.0000   
440.9243   -35.1434   -28.7937   438.4589   -1.0000   
179.0033   20.1041    6.8789     177.6404   -1.0000   
1
49.3253    -42.8331   9.1479     -22.6851   -1
0
1
22.6220    21.1789    0.5733     7.9300    
-44.3850   15.4476   
Event: 113
5
344.1956   -137.9636  -76.7414   -305.1040  -1.0000   
144.5308   70.1413    106.0089   -65.8932   -1.0000   
131.8156   102.4918   -20.9072   76.4271    3.1105    
1167.0233  -40.5221   -19.9166   -1166.1406 -1.0000   
123.1248   -21.5330   -2.4497    -120.9680  0.0000    
0
0
0
20.8345    -12.7134  
Event: 114
2
2162.1558  530.6989   1649.8715  -1290.1145 -1.0000   
1858.2799  -518.3269  -1577.5474 827.9213   -1.0000   
0
0
3
1107.3223  272.1201   850.3008   -655.0587 
562.6715   -157.0726  -482.4448  243.2579  
222.9024   -64.8055   -185.7401  104.8159  
-5.3868    -58.2336  
Event: 115
5
50.5174    6.0715     48.9094    -5.2178    -1.0000   
80.8261    40.6587    18.6014    -66.9485   -1.0000   
117.1388   5.2000     41.2533    -109.2404  0.0000    
42.9418    -33.0943   -25.1309   -2.7941    -1.0000   
43.8770    10.1402    -37.5154   18.8157    0.0000    
1
31.2551    6.2009     -27.4088   13.6812    1
0
1
27.6041    14.0166    6.4553     -22.8877  
25.2228    -30.5832  
Event: 116
4
191.0517   173.8733   -6.7422    74.8448    -1.0000   
197.6888   -121.0867  -0.6273    -154.9856  -1.0000   
1496.6895  -20.9420   8.0330     -1496.5006 -1.0000   
198.7003   -2.9590    -21.0962   -197.4840  -1.0000   
1
46.2769    -29.1885   -0.4934    -35.9072   1
0
2
58.7675    -37.0462   -1.0630    -45.6077  
43.3209    -26.1091   -0.2997    -34.5677  
-32.3169   -19.2875  
Event: 117
5
192.5708   -92.9604   -43.6006   -161.7734  -1.0000   
284.8495   -9.3468    48.9474    -280.2302  -1.0000   
53.0179    -10.5997   -48.2864   -16.3381   -1.0000   
73.0548    5.4027     40.3645    -60.2457   0.0000    
234.1334   32.5288    10.4362    -231.4367  -1.0000   
1
43.8812    4.9841     24.9272    -35.7679   1
0
0
5.7092     10.9040   
Event: 118
3
127.3136   -64.8350   67.1020    85.3970    -1.0000   
82.2270    19.4313    -40.3672   -68.7200   2.1297    
102.5706   27.5091    -12.9196   -97.8507   -1.0000   
1
51.9821    11.2409    -26.4773   -43.2980   1
0
2
41.1688    -19.9621   21.7417    28.6999   
34.2361    9.5519     -4.4279    -32.5771  
13.5546    -18.2374  
Event: 119
5
290.2445   -255.6632  130.1246   -32.8289   -1.0000   
225.8259   195.8423   61.5653    -78.8646   -1.0000   
144.5287   133.0041   -38.0962   -32.8305   -1.0000   
95.4834    -24.4708   -89.5636   15.4762    -1.0000   
48.3045    2.9456     -34.8754   -31.8730   2.6302    
0
0
3
25.8307    25.0717    5.6924     -2.4963   
15.8010    0.3116     -12.6638   -9.4447   
10.3123    9.9926     2.4111     0.8244    
-53.6216   -49.5079  
Event: 120
2
82.3766    -66.2292   -43.5724   -18.6020   -1.0000   
112.3229   66.6090    32.9723    83.0831    -1.0000   
1
40.4934    -32.9154   -21.7669   -9.0822    -1
0
1
18.0135    -14.6783   -9.6683    -3.9446   
8.8194     3.1822    
Event: 121
3
53.6655    29.1131    -38.1671   -20.1425   -1.0000   
104.5452   -44.9384   -10.4525   93.2152    -1.0000   
47.8092    15.3775    37.3013    25.2087    -1.0000   
1
28.4166    9.7446     22.3895    14.5344    -1
0
0
-15.3265   11.1333   
Event: 122
5
234.5473   -204.3146  -58.6418   -95.3097   -1.0000   
108.5650   106.9108   -1.0525    8.8185     -1.0000   
68.6084    -5.8088    62.2510    24.5381    -1.0000   
56.2651    36.2089    -27.1582   -31.6635   -1.0000   
27.7795    -1.5533    26.6519    -5.5080    -1.0000   
1
82.7279    82.3362    -1.4520    7.9075     -1
0
2
15.7391    -0.8321    15.5014    -2.5951   
18.9360    11.9725    -7.6101    -12.5425  
40.8230    4.4725    
Event: 123
4
326.8090   -179.7786  178.7834   204.1637   -1.0000   
256.4281   189.1251   -127.8006  -106.6103  -1.0000   
61.7327    8.9550     -36.8134   -47.7264   0.0000    
295.3686   -2.2795    -22.4930   294.4457   0.0000    
1
20.3159    1.6422     -11.2756   -16.8193   -1
0
0
-7.7258    10.7755   
Event: 124
3
67.9769    -31.4785   -42.3388   41.9185    0.0000    
70.3624    44.1052    22.3980    48.3767    -1.0000   
34.8156    11.3242    23.2171    22.4313    -1.0000   
0
0
0
-3.5430    -4.2121   
Event: 125
5
788.4249   -257.6064  -271.5070  692.9611   2.6227    
379.3481   308.0675   179.4283   -120.3464  -1.0000   
204.4767   -87.6196   72.3789    169.7382   -1.0000   
43.8030    18.0686    32.1302    -22.2644   -1.0000   
52.9934    23.3628    -27.3290   -38.3394   -1.0000   
1
117.1954   -51.2056   42.4143    96.5078    -1
0
3
208.5511   177.0027   91.1831    -62.0423  
281.3771   -93.1759   -96.8463   247.2086  
65.7632    -27.3431   23.1624    55.1421   
-21.4407   5.7419    
Event: 126
2
571.5084   178.2189   -532.0536  -82.4090   -1.0000   
554.6267   -182.6846  510.2663   -63.3342   -1.0000   
0
0
3
272.2589   89.8491    -253.4057  -42.8672  
166.9088   -59.7145   153.7598   -25.5073  
13.6881    -2.2625    13.2030    2.8153    
3.4817     7.0906    
Event: 127
3
115.4308   53.3922    90.1133    -44.0182   -1.0000   
116.8416   -40.6162   -94.0770   53.6899    -1.0000   
34.7773    -23.6901   -15.1727   19.2089    -1.0000   
0
0
0
2.9424     1.0696    
Event: 128
3
94.8353    -88.3238   5.5318     28.7520    1.5510    
53.5779    42.6482    14.3256    -27.0122   0.0000    
38.1903    20.5108    -27.8238   11.8967    0.0000    
0
0
1
23.4014    -22.1743   0.2397     7.4744    
13.2532    -26.0351  
Event: 129
3
1305.4041  -40.3331   -95.1935   1301.1960  -1.0000   
66.8389    16.0554    61.5159    16.1061    0.0000    
40.2533    6.5988     29.4569    26.1486    0.0000    
1
28.2152    9.0898     26.0584    5.8664     -1
0
0
-3.7306    22.9764   
Event: 130
5
1536.7457  96.9987    -24.8229   1533.2190  -1.0000   
64.4856    -59.4094   -23.8153   -6.1490    -1.0000   
63.5897    -0.5569    61.8546    4.0409     0.0000    
311.6230   -34.2940   11.5759    -309.4763  -1.0000   
39.9046    -23.0803   -24.0202   21.9303    -1.0000   
1
25.5492    -23.4429   -9.9181    -2.1943    1
0
1
30.6778    -28.3854   -11.1887   -3.1954   
3.5749     -18.2486  
Event: 131
3
1210.9044  19.5957    -74.8280   1208.3787  -1.0000   
97.2585    30.6951    47.9252    78.1942    -1.0000   
37.2541    -30.6519   18.8348    -6.3559    0.0000    
1
25.3684    -22.0009   11.7498    -4.6308    1
0
0
-13.8980   1.2654    
Event: 132
2
88.5772    16.9335    81.9653    19.9363    -1.0000   
185.9147   -16.0073   -80.9271   -165.9400  -1.0000   
0
0
1
30.9192    10.7611    27.9920    7.5264    
-1.6850    -5.1475   
Event: 133
1
53.3431    -47.5916   5.5986     21.7993    -1.0000   
0
0
0
6.9231     3.7482    
Event: 134
3
189.6105   131.7814   19.0634    133.8625   -1.0000   
81.4912    -35.6131   -11.1740   -72.1492   0.0000    
62.8849    -35.6397   5.6748     50.3543    0.0000    
1
51.5291    -23.1737   -6.3867    -45.5789   -1
0
0
-38.0717   -8.7999   
Event: 135
2
77.5326    -3.0827    63.8548    -41.2872   -1.0000   
73.4325    4.2133     -52.4456   -50.3490   0.0000    
1
48.7297    1.9970     -35.4736   -33.3498   -1
0
1
13.7642    1.3216     11.0690    -8.0736   
-16.7569   -9.0434   
Event: 136
2
85.9320    -19.5623   54.8418    62.4199    2.6338    
168.4793   24.0968    -44.7131   160.3229   -1.0000   
1
52.0528    -12.6270   33.8894    37.4373    1
0
1
58.3405    8.7710     -16.6774   55.2136   
2.1595     -8.5226   
